StartDate	Title	EpisodeCountNum	numberOfgoogleHits	Year
200101	ゾイド新世紀/ゼロ	26.0	481000	2001
200101	グラップラー刃牙	24.0	895000	2001
200101	爆転シュート ベイブレード	51.0	308000	2001
200101	すしあざらし	30.0	153000	2001
200102	も〜っと! おジャ魔女どれみ	50.0	2250000	2001
200103	Dr.リンにきいてみて!	51.0	48200	2001
200104	デジモンテイマーズ	51.0	514000	2001
200104	ジャングルはいつもハレのちグゥ	26.0	46700	2001
200104	スターオーシャンEX	26.0	205000	2001
200104	シスター♥プリンセス	26.0	5850000	2001
200104	ノワール	26.0	2590000	2001
200104	Z.O.E Dolores, i	26.0	147000	2001
200104	ギャラクシーエンジェル（第1期）	26.0	921000	2001
200104	逮捕しちゃうぞ SECOND SEASON	26.0	1570000	2001
200104	PROJECT ARMS	26.0	1950000	2001
200104	ゴーゴー五つ子ら・ん・ど	96.0	863000	2001
200104	パラッパラッパー	30.0	113000	2001
200105	オフサイド	39.0	217000	2001
200105	だいすき! ぶぶチャチャ	26.0	135000	2001
200107	シャーマンキング	64.0	2490000	2001
200107	スクライド	26.0	392000	2001
200107	フルーツバスケット（第1作）	26.0	1760000	2001
200107	ののちゃん	61.0	283000000	2001
200107	グラップラー刃牙 -最大トーナメント編-	24.0	2040000	2001
200110	くるくるアミー	65.0	57100	2001
200110	ちっちゃな雪使いシュガー	24.0	151000	2001
200110	X -エックス-	25.0	2690000000	2001
200110	PROJECT ARMS The 2nd Chapter	26.0	1950000	2001
200110	星のカービィ	100.0	10700000	2001
200110	キャプテン翼（2001年版）	52.0	2380000	2001
200110	激闘!クラッシュギアTURBO	68.0	85100	2001
200110	テニスの王子様	178.0	5050000	2001
200110	ヒカルの碁	75.0	1820000	2001
200110	カスミン（第1期）	26.0	54400	2001
200110	GROOVE ADVENTURE RAVE	51.0	2080000	2001
200201	きっかけはラフくん	34.0	95300	2002
200201	爆転シュート ベイブレード 2002	51.0	308000	2002
200201	キン肉マンII世	51.0	490000	2002
200201	七人のナナ	26.0	24300000	2002
200201	フルメタル・パニック!	24.0	1370000	2002
200201	ラーゼフォン	26.0	174000	2002
200202	おジャ魔女どれみドッカ〜ン!	51.0	202000	2002
200203	ロックマンエグゼ	56.0	2210000	2002
200204	ちょびっツ	27.0	465000	2002
200204	天地無用! GXP	26.0	58800	2002
200204	東京アンダーグラウンド	26.0	1220000	2002
200204	.hack//SIGN	27.0	28500000	2002
200204	天使な小生意気	50.0	1160000	2002
200204	東京ミュウミュウ	52.0	1610000	2002
200204	満月をさがして	52.0	238000	2002
200204	わがまま☆フェアリー ミルモでポン!	78.0	45900	2002
200204	デジモンフロンティア	50.0	646000	2002
200204	ぴたテン	26.0	74100	2002
200204	あずまんが大王 THE ANIMATION	26.0	58100	2002
200204	ベイベーばあちゃん	53.0	242000	2002
200204	十二国記（第1期）	39.0	7670000	2002
200204	藍より青し	24.0	5580000	2002
200204	あたしンち	330.0	2040000	2002
200205	ホイッスル!	39.0	864000	2002
200207	SAMURAI DEEPER KYO	26.0	222000	2002
200207	Witch Hunter ROBIN	26.0	1730000	2002
200207	朝霧の巫女	26.0	321000	2002
200207	ドラゴンドライブ	38.0	2700000	2002
200207	ふぉうちゅんドッグす	39.0	166000	2002
200208	プリンセスチュチュ	26.0	302000	2002
200209	OVERMANキングゲイナー	26.0	157000	2002
200210	攻殻機動隊 STAND ALONE COMPLEX	26.0	343000	2002
200210	スパイラル -推理の絆-	25.0	7130000	2002
200210	花田少年史	25.0	132000	2002
200210	ヒートガイジェイ	26.0	59700	2002
200210	NARUTO -ナルト-	220.0	215000000	2002
200210	カスミン（第2期）	26.0	50800	2002
200210	機動戦士ガンダムSEED	50.0	7750000	2002
200210	GetBackers-奪還屋-	49.0	66300	2002
200210	真・女神転生Dチルドレン ライト&ダーク	52.0	101000	2002
200210	ギャラクシーエンジェル（第3期）	51.0	899000	2002
200210	ペコラ	26.0	79500	2002
200210	キディ・グレイド	24.0	364000	2002
200210	デュエル・マスターズ	26.0	2800000	2002
200211	釣りバカ日誌	36.0	349000	2002
200211	げんき げんき ノンタン	35.0	95800	2002
200211	ポケットモンスター アドバンスジェネレーション	192.0	592000	2002
200211	冒険者	26.0	75700000	2002
200301	WOLF'S RAIN	30.0	481000	2003
200301	爆転シュート ベイブレード Gレボリューション	52.0	90500	2003
200302	明日のナージャ	50.0	502000	2003
200302	クラッシュギアNitro	50.0	60000	2003
200304	エアマスター	27.0	6110000	2003
200304	E'S OTHERWISE	26.0	45400	2003
200304	宇宙のステルヴィア	26.0	105000	2003
200304	カレイドスター	26.0	117000	2003
200304	D・N・ANGEL	26.0	60800000	2003
200304	マーメイドメロディー ぴちぴちピッチ	52.0	329000	2003
200304	アストロボーイ・鉄腕アトム	50.0	308000	2003
200304	金色のガッシュベル!!	150.0	923000	2003
200304	ソニックX	78.0	5270000	2003
200304	デ・ジ・キャラットにょ	104.0	54300	2003
200304	FIRESTORM	26.0	46900	2003
200304	コロッケ!	104.0	2240000	2003
200304	DEAR BOYS	26.0	1170000	2003
200304	LAST EXILE	26.0	1750000	2003
200304	スクラップド・プリンセス	24.0	96200	2003
200304	カスミン（第3期）	26.0	50800	2003
200304	探偵学園Q	45.0	2200000	2003
200304	GAD GUARD	26.0	223000	2003
200305	ウルトラマニアック	26.0	678000	2003
200307	D.C. 〜ダ・カーポ〜	26.0	1110000	2003
200309	R.O.D -THE TV-	26.0	1840000	2003
200310	ミッドナイトホラースクール	52.0	387000	2003
200310	最遊記RELOAD	25.0	328000	2003
200310	銀河鉄道物語	26.0	1030000	2003
200310	鋼の錬金術師	51.0	4120000	2003
200310	プラネテス	26.0	583000	2003
200310	ロックマンエグゼAXESS	51.0	120000	2003
200310	ポポロクロイス	26.0	261000	2003
200310	F-ZERO ファルコン伝説	51.0	173000	2003
200310	PEACE MAKER 鐵	24.0	133000	2003
200310	ギルガメッシュ	26.0	1060000	2003
200310	無人惑星サヴァイヴ	52.0	47000	2003
200311	ボボボーボ・ボーボボ	76.0	1140000	2003
200311	クロノクルセイド	24.0	137000	2003
200401	攻殻機動隊 S.A.C. 2nd GIG	26.0	438000	2004
200401	B-伝説! バトルビーダマン	52.0	117000	2004
200401	SDガンダムフォース	52.0	3270000	2004
200401	トランスフォーマー スーパーリンク	52.0	15100000	2004
200401	モンキーターン	25.0	1740000	2004
200402	かいけつゾロリ	52.0	496000	2004
200402	ふたりはプリキュア	49.0	2790000	2004
200404	最遊記RELOAD GUNLOCK	26.0	49300	2004
200404	天上天下	24.0	1220000	2004
200404	愛してるぜベイベ★★	26.0	174000	2004
200404	ケロロ軍曹	358.0	3790000	2004
200404	DAN DOH!!	26.0	1070000	2004
200404	マーメイドメロディー ぴちぴちピッチ ピュア	39.0	80100	2004
200404	超ぽじてぃぶ! ファイターズ	101.0	1920000	2004
200404	マシュマロ通信	52.0	736000	2004
200404	爆裂天使	24.0	412000	2004
200404	忘却の旋律	24.0	84600	2004
200404	陸奥圓明流外伝 修羅の刻	26.0	54800	2004
200404	MONSTER	74.0	38200000	2004
200404	RAGNAROK THE ANIMATION	26.0	388000	2004
200404	鉄人28号（リメイク版）	26.0	780000	2004
200404	魔法少女隊アルス	40.0	152000	2004
200404	頭文字D Fourth Stage	24.0	15600000	2004
200404	デュエル・マスターズ チャージ	52.0	221000	2004
200405	ななみちゃん	92.0	3050000	2004
200405	サムライチャンプルー	26.0	144000	2004
200406	SAMURAI 7	26.0	111000000	2004
200406	KURAU Phantom Memory	24.0	56900	2004
200407	モンキーターンV	25.0	1220000	2004
200407	アガサ・クリスティーの名探偵ポワロとマープル	39.0	47200	2004
200407	蒼穹のファフナー Dead Aggressor	26.0	105000	2004
200407	ポストペットモモ便	24.0	1740000	2004
200407	ギャラクシーエンジェル（第4期）	26.0	899000	2004
200407	ニニンがシノブ伝	24.0	65200	2004
200409	陰陽大戦記	52.0	954000	2004
200409	冒険王ビィト	52.0	249000	2004
200409	舞-HiME	26.0	921000	2004
200410	ビューティフル ジョー	51.0	221000	2004
200410	ゾイドフューザーズ	26.0	107000	2004
200410	砂ぼうず	24.0	68500	2004
200410	ファンタジックチルドレン	26.0	45400	2004
200410	巌窟王	24.0	371000	2004
200410	スクールランブル	26.0	1110000	2004
200410	tactics	25.0	1400000	2004
200410	遙かなる時空の中で 〜八葉抄〜	26.0	892000	2004
200410	BLEACH	366.0	12400000	2004
200410	BECK	26.0	791000	2004
200410	遊☆戯☆王デュエルモンスターズGX	180.0	275000	2004
200410	ジパング	26.0	609000	2004
200410	機動戦士ガンダムSEED DESTINY	50.0	5160000	2004
200410	ブラック・ジャック	63.0	10800000	2004
200410	焼きたて!!ジャぱん	69.0	296000	2004
200410	学園アリス	26.0	6690000	2004
200411	メジャー（第1期）	26.0	18300000	2004
200501	魔法先生ネギま!	26.0	1010000	2005
200501	ああっ女神さまっ	26.0	1040000	2005
200501	ギャラリーフェイク	37.0	2210000	2005
200501	トランスフォーマー ギャラクシーフォース	52.0	2170000	2005
200501	ピーチガール	25.0	1290000	2005
200501	まほらば〜Heartful days	26.0	88100	2005
200502	ふたりはプリキュア Max Heart	47.0	996000	2005
200502	まじめにふまじめ かいけつゾロリ	97.0	70100	2005
200504	ふしぎ星の☆ふたご姫	51.0	188000	2005
200504	おねがいマイメロディ	52.0	486000	2005
200504	うえきの法則	51.0	449000	2005
200504	創聖のアクエリオン	26.0	553000	2005
200504	いちご100%	26.0	8720000	2005
200504	ガラスの仮面（第2作）	51.0	2060000	2005
200504	アイシールド21	145.0	1850000	2005
200504	甲虫王者ムシキング 森の民の伝説	52.0	86500	2005
200504	極上生徒会	26.0	2900000	2005
200504	SPEED GRAPHER	24.0	113000	2005
200504	おでんくん	156.0	259000	2005
200504	ツバサ・クロニクル（第1期）	26.0	549000	2005
200504	ゾイドジェネシス	50.0	241000	2005
200504	バジリスク 〜甲賀忍法帖〜	24.0	677000	2005
200504	ハチミツとクローバー	26.0	356000	2005
200504	ドラえもん（テレビ朝日版第2期）		31500000	2005
200504	交響詩篇エウレカセブン	50.0	2630000	2005
200504	トリニティ・ブラッド	24.0	617000	2005
200505	絶対少年	26.0	32600000	2005
200505	雪の女王	36.0	6840000	2005
200506	トムトム☆ブー	26.0	68900	2005
200507	おくさまは女子高生	26.0	442000	2005
200507	シュガシュガルーン	51.0	672000	2005
200507	D.C.S.S. 〜ダ・カーポ セカンドシーズン〜	26.0	207000000	2005
200507	ガン×ソード	26.0	2440000	2005
200507	涼風	26.0	822000	2005
200507	SHUFFLE!	24.0	1270000	2005
200508	強殖装甲ガイバー	26.0	147000	2005
200510	ロックマンエグゼBEAST	25.0	124000	2005
200510	アニマル横町	102.0	57200	2005
200510	エンジェル・ハート	50.0	2470000	2005
200510	capeta	52.0	560000	2005
200510	CLUSTER EDGE	25.0	1310000	2005
200510	地獄少女	26.0	23300000	2005
200510	ガンパレード・オーケストラ	24.0	324000	2005
200510	灼眼のシャナ	24.0	1240000	2005
200510	BLACK CAT	24.0	31900000	2005
200510	舞-乙HiME	26.0	492000	2005
200510	BLOOD+	50.0	263000	2005
200511	かりん	24.0	3350000	2005
200511	銀牙伝説WEED	26.0	150000	2005
200512	メジャー（第2期）	26.0	18600000	2005
200601	Fate/stay night	24.0	9540000	2006
200601	Funny Pets	24.0	102000000	2006
200602	ふたりはプリキュア Splash Star	49.0	325000	2006
200604	ふしぎ星の☆ふたご姫 Gyu!	52.0	51500	2006
200604	アクビガール	26.0	275000	2006
200604	ARIA The NATURAL	26.0	4590000	2006
200604	おねがいマイメロディ 〜くるくるシャッフル!〜	52.0	369000	2006
200604	牙 -KIBA-	51.0	33000000	2006
200604	スクールランブル 二学期	26.0	1110000	2006
200604	デジモンセイバーズ	48.0	167000	2006
200604	うたわれるもの	26.0	2000000	2006
200604	Strawberry Panic	26.0	1290000	2006
200604	ぜんまいざむらい	214.0	134000	2006
200604	妖逆門	51.0	334000	2006
200604	エア・ギア	25.0	2380000	2006
200604	桜蘭高校ホスト部	26.0	1180000	2006
200604	ガラスの艦隊	26.0	1890000	2006
200604	銀魂	201.0	12800000	2006
200604	ひぐらしのなく頃に	26.0	2630000	2006
200604	ウィッチブレイド	24.0	1730000	2006
200604	とっとこハム太郎 は〜い!	77.0	639000	2006
200604	.hack//Roots	26.0	10800000	2006
200604	NANA-ナナ-	47.0	2030000	2006
200604	吉宗	24.0	1560000	2006
200604	ああっ女神さまっ それぞれの翼	24.0	69300	2006
200604	ゼーガペイン	26.0	507000	2006
200604	xxxHOLiC	24.0	648000	2006
200604	きらりん☆レボリューション	102.0	288000	2006
200604	彩雲国物語（第1期）	39.0	324000	2006
200604	MUSASHI -GUN道-	29.0	22000000	2006
200604	チビナックス	24.0	66300	2006
200604	ツバサ・クロニクル（第2期）	26.0	561000	2006
200607	おとぎ銃士 赤ずきん	39.0	56700	2006
200607	出ましたっ!パワパフガールズZ	52.0	61100	2006
200607	僕等がいた	26.0	18300000	2006
200607	N・H・Kにようこそ!	24.0	668000	2006
200607	ちょこッとSister	24.0	104000	2006
200607	無敵看板娘	24.0	327000	2006
200607	NIGHT HEAD GENESIS	24.0	4050000	2006
200609	ポケットモンスター ダイヤモンド&パール	191.0	22200000	2006
200610	ときめきメモリアル Only Love	26.0	129000	2006
200610	ゴーストハント	25.0	528000	2006
200610	少年陰陽師	26.0	3520000	2006
200610	DEATH NOTE	37.0	6920000	2006
200610	D.Gray-man	103.0	43900000	2006
200610	スーパーロボット大戦OG -ディバイン・ウォーズ-	26.0	175000	2006
200610	蒼天の拳	26.0	832000	2006
200610	ネギま!?	26.0	558000	2006
200610	武装錬金	26.0	664000	2006
200610	Kanon（第2作）	24.0	2100000	2006
200610	コードギアス 反逆のルルーシュ	25.0	7300000	2006
200610	家庭教師ヒットマンREBORN!	203.0	2070000	2006
200610	地獄少女 二籠	26.0	23900000	2006
200610	史上最強の弟子ケンイチ	50.0	749000	2006
200610	ぷるるんっ!しずくちゃん	51.0	78900	2006
200610	流星のロックマン	55.0	961000	2006
200610	結界師	52.0	1660000	2006
200611	うっかりペネロペ（第1期）	28.0	84200	2006
200612	ショートDEアニメ魂（短編アニメ）	67.0	7710000	2006
200701	Saint October	26.0	6880000	2007
200701	デルトラクエスト	65.0	48100	2007
200701	メジャー（第3期）	26.0	19100000	2007
200702	Yes!プリキュア5	49.0	1090000	2007
200702	古代王者 恐竜キング Dキッズ・アドベンチャー	49.0	171000	2007
200702	NARUTO -ナルト- 疾風伝	500.0	2910000	2007
200703	REIDEEN	26.0	761000	2007
200704	おねがいマイメロディ すっきり♪	52.0	56400	2007
200704	ゲゲゲの鬼太郎（第5作）	100.0	3470000	2007
200704	瀬戸の花嫁	26.0	1050000	2007
200704	天元突破グレンラガン	27.0	1930000	2007
200704	ハヤテのごとく!	52.0	1150000	2007
200704	ヒロイック・エイジ	26.0	155000	2007
200704	魔法少女リリカルなのはStrikerS	26.0	341000	2007
200704	アイドルマスター XENOGLOSSIA	26.0	91100	2007
200704	エル・カザド	26.0	480000	2007
200704	大江戸ロケット	26.0	595000	2007
200704	Over Drive	26.0	5610000	2007
200704	CLAYMORE	26.0	403000	2007
200704	シュガーバニーズ	27.0	232000	2007
200704	ながされて藍蘭島	26.0	128000	2007
200704	ロミオ×ジュリエット	24.0	758000	2007
200704	鋼鉄三国志	26.0	157000	2007
200704	DARKER THAN BLACK -黒の契約者-	26.0	14600000	2007
200704	爆丸 バトルブローラーズ	52.0	47500	2007
200704	やさいのようせい N.Y.SALAD（第1期）	26.0	106000	2007
200704	かみちゃまかりん	26.0	54000	2007
200704	風の少女エミリー	26.0	334000	2007
200704	彩雲国物語（第2期）	39.0	327000	2007
200704	精霊の守り人	26.0	776000	2007
200704	地球へ…	24.0	45600000	2007
200704	BLUE DRAGON	51.0	27800000	2007
200704	ラブ★コン	24.0	1340000	2007
200704	ぼくらの	24.0	41500000	2007
200704	らき☆すた	24.0	2500000	2007
200704	風のスティグマ	24.0	47500	2007
200704	おおきく振りかぶって	25.0	835000	2007
200704	怪物王女	26.0	1040000	2007
200704	チビナックス2.0	25.0	66600	2007
200705	電脳コイル	26.0	821000	2007
200706	湾岸ミッドナイト	26.0	823000	2007
200707	スカイガールズ	26.0	1860000	2007
200707	ひぐらしのなく頃に解	24.0	536000	2007
200710	バンブーブレード	26.0	216000	2007
200710	ハローキティ りんごの森とパラレルタウン	27.0	54000	2007
200710	魔人探偵脳噛ネウロ	25.0	484000	2007
200710	もっけ	26.0	267000	2007
200710	ドラゴノーツ -ザ・レゾナンス-	26.0	121000	2007
200710	CLANNAD	24.0	1780000	2007
200710	灼眼のシャナII -Second-	24.0	1320000	2007
200710	機動戦士ガンダム00（第1期）	25.0	16600000	2007
200710	キミキス pure rouge	25.0	50400	2007
200710	しゅごキャラ!	51.0	39600000	2007
200710	デュエル・マスターズ ゼロ	25.0	1210000	2007
200710	まめうしくん	52.0	321000	2007
200710	メイプルストーリー	25.0	519000	2007
200801	全力ウサギ	52.0	883000	2008
200801	PERSONA -trinity soul-	26.0	5920000	2008
200801	メジャー（第4期）	26.0	19000000	2008
200801	ヤッターマン	62.0	928000	2008
200802	Yes!プリキュア5GoGo!	48.0	477000	2008
200803	チーズスイートホーム	104.0	584000	2008
200804	遊☆戯☆王5D's	154.0	161000	2008
200804	リトル・チャロ	50.0	202000	2008
200804	To LOVEる -とらぶる-	26.0	103000000	2008
200804	マクロスF	25.0	3600000	2008
200804	イタズラなKiss	25.0	791000	2008
200804	きらりん☆レボリューション STAGE3	51.0	288000	2008
200804	デュエル・マスターズ クロス	100.0	3930000	2008
200804	BLASSREITER	24.0	89000	2008
200804	ペンギンの問題	102.0	2110000	2008
200804	コードギアス 反逆のルルーシュ R2	25.0	7300000	2008
200804	S・A 〜スペシャル・エー〜	24.0	385000	2008
200804	絶対可憐チルドレン	51.0	1080000	2008
200804	隠の王	26.0	5720000	2008
200804	我が家のお稲荷さま。	24.0	227000	2008
200804	ソウルイーター	51.0	1500000	2008
200804	モノクローム・ファクター	24.0	181000	2008
200804	RD 潜脳調査室	26.0	136000	2008
200804	うちの3姉妹	102.0	10900000	2008
200804	ゴルゴ13	50.0	1060000	2008
200804	狂乱家族日記	26.0	155000	2008
200804	忍者玉丸	26.0	4250000	2008
200805	やさいのようせい N.Y.SALAD（第2期）	26.0	107000	2008
200806	ロボディーズ -RoboDz- 風雲篇	26.0	78400	2008
200806	チビナックス シーズン3	25.0	66600	2008
200809	バトルスピリッツ 少年突破バシン	50.0	555000	2008
200809	マッハガール	26.0	140000	2008
200810	キャシャーン Sins	24.0	128000	2008
200810	とらドラ!	25.0	2450000	2008
200810	CLANNAD 〜AFTER STORY〜	25.0	1320000	2008
200810	黒執事	25.0	5580000	2008
200810	鉄のラインバレル	26.0	452000	2008
200810	天体戦士サンレッド（第1期）	26.0	283000	2008
200810	地獄少女 三鼎	26.0	24100000	2008
200810	しゅごキャラ!!どきっ	51.0	1600000	2008
200810	テイルズ オブ ジ アビス	26.0	1140000	2008
200810	イナズマイレブン	127.0	7230000	2008
200810	機動戦士ガンダム00（第2期）	25.0	16500000	2008
200810	スキップ・ビート!	25.0	576000	2008
200810	ONE OUTS -ワンナウツ-	25.0	12100000	2008
200810	スティッチ!	26.0	3110000	2008
200810	とある魔術の禁書目録	24.0	3400000	2008
200901	宇宙をかける少女	26.0	2540000	2009
200901	はじめの一歩 New Challenger	26.0	113000	2009
200901	黒神 The Animation	25.0	55700	2009
200901	獣の奏者 エリン	50.0	116000	2009
200901	メジャー（第5期）	25.0	19500000	2009
200901	京浜家族	32.0	146000	2009
200902	フレッシュプリキュア!	50.0	2680000	2009
200903	クッキンアイドル アイ!マイ!まいん!（アニメ+実写）	400.0	113000	2009
200903	チーズスイートホーム あたらしいおうち	104.0	315000	2009
200904	毎日かあさん	142.0	680000	2009
200904	涼宮ハルヒの憂鬱（再放送+新作）	28.0	5980000	2009
200904	バスカッシュ!	26.0	75600	2009
200904	PandoraHearts	25.0	639000	2009
200904	Phantom -Requiem for the Phantom-	26.0	82300000	2009
200904	ハヤテのごとく!!	25.0	1150000	2009
200904	ヒゲぴよ	39.0	280000	2009
200904	極上!!めちゃモテ委員長	51.0	113000	2009
200904	真マジンガー 衝撃! Z編	26.0	220000	2009
200904	戦場のヴァルキュリア	26.0	690000	2009
200904	グイン・サーガ	26.0	67900	2009
200904	クロスゲーム	50.0	35300000	2009
200904	こんにちは アン 〜Before Green Gables（世界名作劇場）	39.0	1600000	2009
200904	咲-Saki-	25.0	2690000	2009
200904	シャングリ・ラ	24.0	580000	2009
200904	ジュエルペット	52.0	1280000	2009
200904	ティアーズ・トゥ・ティアラ	26.0	400000	2009
200904	鋼の錬金術師 FULLMETAL ALCHEMIST	64.0	1150000	2009
200904	花咲ける青少年	39.0	78700	2009
200904	メタルファイト ベイブレード	51.0	642000	2009
200904	07-GHOST	25.0	3410000	2009
200904	蒼天航路	26.0	148000	2009
200904	ドラゴンボール改（第1期）	98.0	1200000	2009
200905	新忍者玉丸	26.0	2450000	2009
200906	うっかりペネロペ（第2期）	26.0	84200	2009
200907	うみねこのなく頃に	26.0	993000	2009
200907	NEEDLESS	24.0	172000	2009
200907	エレメントハンター	39.0	291000	2009
200907	くるねこ	100.0	17400000	2009
200909	バトルスピリッツ 少年激覇ダン	50.0	998000	2009
200910	犬夜叉 完結編	26.0	246000	2009
200910	炬燵猫	24.0	107000	2009
200910	しゅごキャラ!パーティー!	25.0	1380000	2009
200910	テガミバチ	25.0	112000	2009
200910	天体戦士サンレッド（第2期）	26.0	283000	2009
200910	夢色パティシエール	50.0	178000	2009
200910	あにゃまる探偵 キルミンずぅ	50.0	52800	2009
200910	たまごっち!	143.0	8120000	2009
200910	とある科学の超電磁砲	24.0	3330000	2009
200910	君に届け	25.0	27100000	2009
200910	こばと。	24.0	299000000	2009
200910	ご姉弟物語	32.0	20200000	2009
200910	FAIRY TAIL（第1期）	175.0	4330000	2009
200910	キディ・ガーランド	24.0	159000	2009
200910	アニメ 冬のソナタ	27.0	745000	2009
201001	デュラララ!!	26.0	1150000	2010
201001	聖痕のクェイサー	24.0	486000	2010
201001	はなまる幼稚園	27.0	253000	2010
201001	ケシカスくん	44.0	177000	2010
201002	ピチ高野球部		90100	2010
201002	ちーすい丸（第1期）	41.0	4330000	2010
201002	ハートキャッチプリキュア!	49.0	928000	2010
201003	はなかっぱ		3920000	2010
201003	リトル・チャロ2	50.0	201000	2010
201004	会長はメイド様!	26.0	1770000	2010
201004	B型H系	25.0	140000000	2010
201004	HEROMAN	26.0	587000	2010
201004	極上!!めちゃモテ委員長 セカンドコレクション	51.0	113000	2010
201004	ジュエルペット てぃんくる☆	52.0	145000	2010
201004	デュエル・マスターズ クロスショック	50.0	361000	2010
201004	トランスフォーマー アニメイテッド	42.0	553000	2010
201004	ペンギンの問題Max	50.0	245000	2010
201004	メジャー（第6期）	25.0	19500000	2010
201004	GIANT KILLING	26.0	757000	2010
201004	メタルファイト ベイブレード 爆	51.0	195000	2010
201004	けいおん!!	27.0	15500000	2010
201004	RAINBOW -二舎六房の七人-	26.0	9590000	2010
201004	裏切りは僕の名前を知っている	24.0	1070000	2010
201007	アマガミSS	26.0	892000	2010
201007	伝説の勇者の伝説	24.0	11500000	2010
201007	ぬらりひょんの孫	24.0	1100000	2010
201007	デジモンクロスウォーズ	30.0	1990000	2010
201007	屍鬼	24.0	1940000	2010
201008	学校のコワイうわさ 新・花子さんがきた!!	33.0	91600	2010
201009	バトルスピリッツ ブレイヴ	50.0	552000	2010
201009	ポケットモンスター ベストウイッシュ	84.0	2740000	2010
201010	バクマン。（第1期）	25.0	866000	2010
201010	STAR DRIVER 輝きのタクト	25.0	99900	2010
201010	たちゅまる劇場	52.0	2290000	2010
201010	とある魔術の禁書目録II	24.0	3400000	2010
201012	Starry☆Sky	26.0	997000	2010
201101	GOSICK -ゴシック-	24.0	361000	2011
201101	カードファイト!! ヴァンガード	65.0	1850000	2011
201101	べるぜバブ	60.0	939000	2011
201101	ちーすい丸（第2期）	34.0	4180000	2011
201102	スイートプリキュア♪	48.0	527000	2011
201103	ダンボール戦機	44.0	1570000	2011
201104	TIGER & BUNNY	25.0	16100000	2011
201104	デュエル・マスターズ ビクトリー	52.0	391000	2011
201104	とっとこハム太郎 でちゅ	52.0	101000	2011
201104	日常	26.0	87300000	2011
201104	ペンギンの問題DX?	52.0	133000	2011
201104	トリコ	147.0	2660000	2011
201104	花咲くいろは	26.0	1160000	2011
201104	メタルファイト ベイブレード 4D	52.0	131000	2011
201104	銀魂'	51.0	12300000	2011
201104	逆境無頼カイジ 破戒録篇	26.0	67000	2011
201104	STEINS;GATE	24.0	1910000	2011
201104	SKET DANCE	77.0	951000	2011
201104	へうげもの	39.0	45500000	2011
201104	47都道府犬	52.0	830000	2011
201104	ジュエルペット サンシャイン	52.0	171000	2011
201104	プリティーリズム・オーロラドリーム	51.0	129000	2011
201104	遊☆戯☆王ZEXAL	73.0	306000	2011
201104	青の祓魔師	25.0	2560000	2011
201105	イナズマイレブンGO	47.0	4270000	2011
201106	かよえ!チュー学	431.0	66600	2011
201107	ぬらりひょんの孫 〜千年魔京〜	24.0	79100	2011
201107	アイドルマスター	26.0	43000000	2011
201107	輪るピングドラム	24.0	713000	2011
201109	バトルスピリッツ 覇王	50.0	207000	2011
201110	バクマン。（第2期）	25.0	866000	2011
201110	クロスファイト ビーダマン	52.0	207000	2011
201110	HUNTER×HUNTER（第2作）	148.0	26500000	2011
201110	ファイ・ブレイン 神のパズル（第1期）	25.0	69900	2011
201110	戦国☆パラダイス -極-	26.0	229000	2011
201110	ちはやふる	25.0	1840000	2011
201110	Persona4 the ANIMATION	25.0	2640000	2011
201110	灼眼のシャナIII -Final-	24.0	689000	2011
201110	LAST EXILE -銀翼のファム-	24.0	7380000	2011
201110	機動戦士ガンダムAGE	49.0	17700000	2011
201110	未来日記	26.0	8800000	2011
201201	機動戦士ガンダムSEED HDリマスター	48.0	7530000	2012
201201	エリアの騎士	37.0	3670000	2012
201201	モーレツ宇宙海賊	26.0	364000	2012
201201	アクエリオンEVOL	26.0	314000	2012
201201	ダンボール戦機W	58.0	913000	2012
201202	スマイルプリキュア!	48.0	2170000	2012
201204	宇宙兄弟	99.0	12300000	2012
201204	しばいぬ子さん	26.0	32900000	2012
201204	聖闘士星矢Ω	97.0	868000	2012
201204	ふるさと再生 日本の昔ばなし	258.0	57500	2012
201204	GON -ゴン-（第1期）	50.0	17600000	2012
201204	しまじろうのわお!（アニメ+実写）		1140000	2012
201204	ガッ活!（第1期）[注8 1]	25.0	521000	2012
201204	銀河へキックオフ!!	39.0	48300	2012
201204	黒魔女さんが通る!!	60.0	827000	2012
201204	リボンちゃん（第1期）	24.0	12600000	2012
201204	戦国コレクション	26.0	2580000	2012
201204	しろくまカフェ	50.0	1020000	2012
201204	アクセル・ワールド	24.0	1640000	2012
201204	秘密結社鷹の爪NEO	38.0	101000	2012
201204	黒子のバスケ（第1期）	25.0	3930000	2012
201204	超ロボット生命体 トランスフォーマー プライム	52.0	107000	2012
201204	デュエル・マスターズ ビクトリーV	51.0	2710000	2012
201204	とっとこハム太郎（第5期）	51.0	888000	2012
201204	爆TECH!爆丸	51.0	356000	2012
201204	プリティーリズム・ディアマイフューチャー	51.0	64500	2012
201204	カードファイト!! ヴァンガード アジアサーキット編	39.0	71900	2012
201204	ファイ・ブレイン 神のパズル（第2期）	25.0	69900	2012
201204	メタルファイト ベイブレード ZEROG	38.0	54000	2012
201204	エウレカセブンAO	24.0	133000	2012
201204	イナズマイレブンGO クロノ・ストーン	51.0	330000	2012
201206	キングダム（第1期）	38.0	24400000	2012
201206	ポケットモンスター ベストウイッシュ シーズン2[注8 5]	58.0	2710000	2012
201207	トータル・イクリプス	24.0	680000	2012
201207	ソードアート・オンライン	25.0	17200000	2012
201209	バトルスピリッツ ソードアイズ[注20 1]	50.0	182000	2012
201209	たまごっち! ゆめキラドリーム	49.0	67000	2012
201209	新世界より	25.0	187000000	2012
201210	ちいさなおじさん	30.0	5210000	2012
201210	超速変形ジャイロゼッター	51.0	103000	2012
201210	絶園のテンペスト	24.0	203000	2012
201210	ジョジョの奇妙な冒険	26.0	9110000	2012
201210	バクマン。（第3期）	25.0	863000	2012
201210	リトルバスターズ!	26.0	1270000	2012
201210	イクシオン サーガ DT	25.0	49900	2012
201210	マギ The labyrinth of magic	25.0	1770000	2012
201210	遊☆戯☆王ZEXAL II	73.0	306000	2012
201210	アイカツ!	178.0	4250000	2012
201210	さくら荘のペットな彼女	24.0	894000	2012
201301	ぷちます!-プチ・アイドルマスター-	64.0	89900	2013
201301	ちはやふる2	25.0	1840000	2013
201301	カードファイト!! ヴァンガード リンクジョーカー編	59.0	50100	2013
201301	ビーストサーガ	38.0	369000	2013
201302	ドキドキ!プリキュア	49.0	2060000	2013
201304	すすめ!キッチン戦隊クックルン（実写+アニメ）	196.0	51000	2013
201304	DD北斗の拳	26.0	321000	2013
201304	トレインヒーロー	26.0	1590000	2013
201304	ガッ活!（第2期）	25.0	525000	2013
201304	ダンボール戦機WARS	37.0	458000	2013
201304	LINE TOWN	96.0	68300000	2013
201304	銀河機攻隊 マジェスティックプリンス	24.0	124000	2013
201304	ジュエルペット ハッピネス	52.0	61300	2013
201304	進撃の巨人（第1期）	25.0	26100000	2013
201304	探検ドリランド -1000年の真宝-	51.0	161000	2013
201304	団地ともお	78.0	1230000	2013
201304	デュエル・マスターズ ビクトリーV3	51.0	390000	2013
201304	爆TECH!爆丸 ガチ	39.0	82100	2013
201304	プリティーリズム・レインボーライブ	51.0	4620000	2013
201304	みにヴぁん（第1期）	37.0	15100000	2013
201304	宇宙戦艦ヤマト2199	26.0	953000	2013
201304	機動戦士ガンダムSEED DESTINY HDリマスター	50.0	4040000	2013
201304	マジンガーZIP!	227.0	313000	2013
201304	ムシブギョー	26.0	155000	2013
201304	とある科学の超電磁砲S（第2期）	24.0	3300000	2013
201305	イナズマイレブンGO ギャラクシー	43.0	1440000	2013
201306	キングダム（第2期）	39.0	24400000	2013
201306	ゆうとくんがいく	26.0	65200000	2013
201307	〈物語〉シリーズ セカンドシーズン	26.0	112000000	2013
201307	Go!Go!家電男子（第1期）	78.0	468000	2013
201309	たまごっち! みらくるフレンズ	29.0	85200	2013
201309	最強銀河 究極ゼロ 〜バトルスピリッツ〜	49.0	141000	2013
201310	ガイストクラッシャー	36.0	395000	2013
201310	キルラキル	24.0	1570000	2013
201310	ゴールデンタイム	24.0	11300000	2013
201310	凪のあすから	26.0	1110000	2013
201310	ストライク・ザ・ブラッド	24.0	1590000	2013
201310	みんなだいすきそらジロー	250.0	55600	2013
201310	黒子のバスケ（第2期）	25.0	3930000	2013
201310	はじめの一歩 Rising	25.0	345000	2013
201310	ログ・ホライズン（第1期）	25.0	930000	2013
201310	ダイヤのA	75.0	10900000	2013
201310	ファイ・ブレイン 神のパズル（第3期）	25.0	69900	2013
201310	マギ The kingdom of magic	25.0	2000000	2013
201310	ガンダムビルドファイターズ	25.0	2190000	2013
201310	弱虫ペダル	38.0	3030000	2013
201310	東京レイヴンズ	24.0	355000	2013
201310	ポケットモンスター XY	93.0	1970000	2013
201401	フューチャーカード バディファイト	64.0	799000	2014
201401	ノブナガ・ザ・フール	24.0	60100	2014
201401	妖怪ウォッチ	214.0	8780000	2014
201402	ハピネスチャージプリキュア!	49.0	619000	2014
201404	超爆裂異次元メンコバトル ギガントシューター つかさ	32.0	82900	2014
201404	マジンボーン	52.0	56600	2014
201404	くつだる。	48.0	1720000	2014
201404	ディスク・ウォーズ:アベンジャーズ	51.0	123000	2014
201404	GO-GO たまごっち!	50.0	4060000	2014
201404	ジョジョの奇妙な冒険 スターダストクルセイダース	24.0	1140000	2014
201404	キャプテン・アース	25.0	1460000	2014
201404	金田一少年の事件簿R（第1期）	25.0	586000	2014
201404	デュエル・マスターズ VS	49.0	6760000	2014
201404	テンカイナイト	51.0	55300	2014
201404	FAIRY TAIL（第2期）	102.0	4320000	2014
201404	パックワールド	52.0	12700000	2014
201404	魔法科高校の劣等生	26.0	1970000	2014
201404	レディ ジュエルペット	52.0	363000	2014
201404	ドラゴンボール改（第2期）	61.0	1200000	2014
201404	ハイキュー!!	25.0	25500000	2014
201404	ベイビーステップ（第1期）	25.0	874000	2014
201404	遊☆戯☆王ARC-V	148.0	332000	2014
201404	オレカバトル	51.0	1680000	2014
201404	ドラゴンコレクション	51.0	5750000	2014
201404	ヒーローバンク	51.0	1780000	2014
201404	魔法少女大戦	26.0	6310000	2014
201404	猫のダヤン	52.0	218000	2014
201405	猫ピッチャー	51.0	478000	2014
201405	野良スコ	46.0	59300	2014
201405	ぷちます!! -プチプチ・アイドルマスター-	74.0	1650000	2014
201407	ソードアート・オンラインII	24.0	17200000	2014
201407	プリパラ	140.0	2580000	2014
201407	アカメが斬る!	24.0	1010000	2014
201407	フランチェスカ	24.0	305000	2014
201407	ヤマノススメ セカンドシーズン	24.0	1070000	2014
201409	トライブクルクル	50.0	57400	2014
201410	ガンダム Gのレコンギスタ	26.0	747000	2014
201410	クロスアンジュ 天使と竜の輪舞	25.0	158000	2014
201410	まじっく快斗1412	24.0	165000	2014
201410	ログ・ホライズン（第2期）	25.0	930000	2014
201410	七つの大罪	24.0	4320000	2014
201410	ワールドトリガー	73.0	9480000	2014
201410	愛・天地無用!	50.0	107000	2014
201410	弱虫ペダル GRANDE ROAD	24.0	98300	2014
201410	暁のヨナ	24.0	1790000	2014
201410	ガンダムビルドファイターズトライ	25.0	424000	2014
201410	寄生獣 セイの格率	24.0	56100	2014
201410	SHIROBAKO	24.0	1020000	2014
201410	カードファイト!! ヴァンガードG	48.0	1950000	2014
201412	接続無用	26.0	299000	2014
201501	ぱんきす!2次元	24.0	819000	2015
201501	ジョジョの奇妙な冒険 スターダストクルセイダース エジプト編	24.0	51800	2015
201501	黒子のバスケ（第3期）	25.0	3930000	2015
201502	Go!プリンセスプリキュア	50.0	2880000	2015
201503	トランスフォーマー アドベンチャー	26.0	2230000	2015
201503	ふなっしーのふなふなふな日和	130.0	34400000	2015
201504	バトルスピリッツ 烈火魂	51.0	125000	2015
201504	美少女戦士セーラームーンCrystal	26.0	1170000	2015
201504	ハッピージョージ	52.0	3770000	2015
201504	境界のRINNE（第1期）	25.0	614000	2015
201504	GON -ゴン-（第2期）	26.0	17500000	2015
201504	食戟のソーマ	24.0	2210000	2015
201504	電波教師	24.0	1290000	2015
201504	アルスラーン戦記	25.0	760000	2015
201504	デュエル・マスターズ VSR	51.0	77300	2015
201504	ベイビーステップ（第2期）	25.0	874000	2015
201504	ダイヤのA -SECOND SEASON-	51.0	10900000	2015
201504	銀魂゜	51.0	12300000	2015
201504	俺物語!!	24.0	58600000	2015
201504	フューチャーカード バディファイト100	50.0	158000	2015
201504	英国一家、日本を食べる	24.0	49200	2015
201505	ナルどマ	26.0	40100000	2015
201507	アクエリオンロゴス	26.0	51600	2015
201507	うしおととら（第1期）	26.0	1150000	2015
201507	ブーブーボーイ	26.0	203000	2015
201507	ドラゴンボール超	131.0	10600000	2015
201510	かみさまみならい ヒミツのここたま	147.0	49200	2015
201510	きょーふ!ゾンビ猫	52.0	283000	2015
201510	ルパン三世 PART4	24.0	5800000	2015
201510	ヘヴィーオブジェクト	24.0	125000	2015
201510	みにヴぁん（第2期）	26.0	15400000	2015
201510	うたわれるもの 偽りの仮面	25.0	392000	2015
201510	機動戦士ガンダム 鉄血のオルフェンズ（第1期）	25.0	3110000	2015
201510	ハイキュー!! セカンドシーズン	25.0	25400000	2015
201510	おそ松さん（第1期）	25.0	8510000	2015
201510	JKめし!	26.0	11300000	2015
201510	新あたしンち	26.0	1420000	2015
201510	DD北斗の拳2	24.0	321000	2015
201510	牙狼 -紅蓮ノ月-	24.0	13300000	2015
201510	ポケットモンスター XY&Z	49.0	582000	2015
201601	暗殺教室（第2期）	25.0	6070000	2016
201601	虹色デイズ	24.0	1110000	2016
201602	魔法つかいプリキュア!	50.0	1150000	2016
201604	アグレッシブ烈子	100.0	334000	2016
201604	逆転裁判 〜その「真実」、異議あり!〜	24.0	81700	2016
201604	ジョジョの奇妙な冒険 ダイヤモンドは砕けない	39.0	778000	2016
201604	ぼのぼの（第2作）		728000	2016
201604	エンドライド	24.0	392000	2016
201604	マクロスΔ	26.0	1960000	2016
201604	朝だよ!貝社員	744.0	270000	2016
201604	ベイブレードバースト	51.0	470000	2016
201604	Re:ゼロから始める異世界生活（第1期）	25.0	8860000	2016
201604	双星の陰陽師	50.0	1140000	2016
201604	ねこねこ日本史	160.0	264000	2016
201604	バトルスピリッツ ダブルドライブ	51.0	164000	2016
201604	アイカツスターズ!	100.0	810000	2016
201604	クロムクロ	26.0	128000	2016
201604	あはれ!名作くん	230.0	295000	2016
201604	境界のRINNE（第2期）	25.0	614000	2016
201604	なめこ 〜せかいのともだち〜	26.0	147000	2016
201606	ふりぃきぃ〜はいすく〜る	47.0	90300	2016
201607	ももくり	26.0	36100000	2016
201607	DAYS	24.0	53600000	2016
201607	斉木楠雄のΨ難（第1期）	120.0	1420000	2016
201607	パズドラクロス	89.0	59700	2016
201608	アルプスの少女?ちゃらおんじ	130.0	88400	2016
201608	ミカンせいじん現わる	49.0	704000	2016
201609	にゃんぼー!	26.0	3040000	2016
201610	タイムボカン24	24.0	239000	2016
201610	タマ&フレンズ 〜うちのタマ知りませんか?〜	104.0	84900	2016
201610	デジモンユニバース アプリモンスターズ	52.0	73400	2016
201610	カードファイト!! ヴァンガードG NEXT	52.0	1750000	2016
201610	機動戦士ガンダム 鉄血のオルフェンズ（第2期）	25.0	3110000	2016
201610	きんだーてれび（実写+アニメ）	1190.0	17300000	2016
201610	タイガーマスクW	38.0	787000	2016
201610	モンスターハンター ストーリーズ RIDE ON	75.0	301000	2016
201610	信長の忍び	26.0	451000	2016
201610	ALL OUT!!	25.0	85000000	2016
201610	クラシカロイド（第1期）	25.0	116000	2016
201611	ポケットモンスター サン&ムーン	146.0	1260000	2016
201701	戦隊ヒーロー スキヤキフォース -ぐんまの平和を願うシーズン-	24.0	99400	2017
201701	リトルウィッチアカデミア	25.0	1110000	2017
201701	弱虫ペダル NEW GENERATION	25.0	101000	2017
201702	キラキラ☆プリキュアアラモード	49.0	364000	2017
201703	ぶっぷな毎日	50.0	165000	2017
201703	僕のヒーローアカデミア（第2期）	25.0	35300000	2017
201704	フューチャーカード バディファイトX	52.0	254000	2017
201704	デュエル・マスターズ（2017年）	51.0	2940000	2017
201704	オトッペ	265.0	84500	2017
201704	ベイブレードバースト ゴッド	51.0	49000	2017
201704	アイドルタイムプリパラ	51.0	944000	2017
201704	サクラダリセット	24.0	313000	2017
201704	BORUTO-ボルト- NARUTO NEXT GENERATIONS（第1部）	293.0	454000	2017
201704	サクラクエスト	25.0	1360000	2017
201704	境界のRINNE（第3期）	25.0	614000	2017
201704	スナックワールド	50.0	1610000	2017
201704	100%パスカル先生	36.0	821000	2017
201704	プリプリちぃちゃん!!	36.0	52200	2017
201705	遊☆戯☆王VRAINS	120.0	225000	2017
201707	Fate/Apocrypha	25.0	1140000	2017
201707	妖怪アパートの幽雅な日常	26.0	130000	2017
201707	将国のアルタイル	24.0	235000	2017
201707	ボールルームへようこそ	24.0	666000	2017
201707	魔法陣グルグル（リメイク版）	24.0	902000	2017
201707	マーベル フューチャー・アベンジャーズ（第1期）	26.0	64400	2017
201707	ユラユラすいぞくかん	100.0	127000	2017
201710	おそ松さん（第2期）	25.0	8510000	2017
201710	ブラッククローバー	170.0	4230000	2017
201710	俺たちゃ妖怪人間	25.0	3300000	2017
201710	クラシカロイド（第2期）	25.0	116000	2017
201710	カードファイト!! ヴァンガードG Z	24.0	1740000	2017
201710	魔法使いの嫁	24.0	2350000	2017
201710	猫のダヤン（第4期）	30.0	218000	2017
201710	アニ×パラ あなたのヒーローは誰ですか		70100	2017
201801	みっちりねこ	78.0	166000	2018
201801	刀使ノ巫女	24.0	977000	2018
201801	グランクレスト戦記	24.0	793000	2018
201801	新幹線変形ロボ シンカリオン	76.0	768000	2018
201801	七つの大罪 戒めの復活	24.0	75100	2018
201801	ポチっと発明 ピカちんキット（実写+アニメ）	115.0	71000	2018
201801	銀魂. 銀ノ魂篇	26.0	595000	2018
201801	弱虫ペダル GLORY LINE	25.0	116000	2018
201801	ダーリン・イン・ザ・フランキス	24.0	1290000	2018
201801	斉木楠雄のΨ難（第2期）	120.0	1420000	2018
201802	HUGっと!プリキュア	49.0	1140000	2018
201804	ゲゲゲの鬼太郎（第6作）	97.0	3500000	2018
201804	デュエル・マスターズ!	51.0	2950000	2018
201804	かくりよの宿飯 (第1期)	26.0	1120000	2018
201804	パズドラ		4920000	2018
201804	ガンダムビルドダイバーズ	25.0	637000	2018
201804	キャプテン翼（2018年版）	52.0	2250000	2018
201804	重神機パンドーラ	26.0	65600	2018
201804	ルパン三世 PART5	24.0	5720000	2018
201804	アイカツフレンズ!	50.0	592000	2018
201804	うさぎのマシュー	52.0	300000	2018
201804	俺たちゃ妖怪人間G	25.0	248000	2018
201804	イナズマイレブン アレスの天秤	26.0	424000	2018
201804	僕のヒーローアカデミア（第3期）	25.0	34800000	2018
201804	メジャーセカンド（第1期）	25.0	1190000	2018
201804	キラッとプリ☆チャン	153.0	264000	2018
201804	PERSONA5 the Animation	26.0	727000	2018
201804	若おかみは小学生!	24.0	117000	2018
201804	妖怪ウォッチ シャドウサイド	49.0	518000	2018
201806	フューチャーカード 神バディファイト	47.0	200000	2018
201807	バキ（第1期）	26.0	1880000	2018
201807	中間管理録トネガワ	24.0	222000	2018
201807	BanG Dream! ガルパ☆ピコ	26.0	62200	2018
201807	ゾイドワイルド	50.0	588000	2018
201807	スペースバグ	52.0	2370000	2018
201807	兄に付ける薬はない!2	24.0	742000	2018
201810	れいぞうこのつけのすけ!	44.0	1070000	2018
201810	転生したらスライムだった件	25.0	7960000	2018
201810	爆釣バーハンター	25.0	108000	2018
201810	イナズマイレブン オリオンの刻印	49.0	147000	2018
201810	とある魔術の禁書目録III	26.0	3440000	2018
201810	火ノ丸相撲	24.0	1470000	2018
201810	宇宙戦艦ヤマト2202 愛の戦士たち	26.0	257000	2018
201810	ジョジョの奇妙な冒険 黄金の風	39.0	1680000	2018
201810	ほしの島のにゃんこ	26.0	181000	2018
201810	ソードアート・オンライン アリシゼーション	24.0	1880000	2018
201810	FAIRY TAIL（第3期）	51.0	4360000	2018
201810	からくりサーカス	36.0	2660000	2018
201901	どろろ（第2作）	24.0	912000	2019
201901	盾の勇者の成り上がり	25.0	2010000	2019
201902	スター☆トゥインクルプリキュア	49.0	773000	2019
201902	今日もツノがある	50.0	142000	2019
201904	爆丸 バトルプラネット	50.0	61300	2019
201904	この世の果てで恋を唄う少女YU-NO	26.0	558000	2019
201904	ダイヤのA actII	52.0	11200000	2019
201904	妖怪ウォッチ!	36.0	8890000	2019
201904	鬼滅の刃	26.0	61700000	2019
201904	けだまのゴンじろー	102.0	57800	2019
201904	フルーツバスケット（第2作）	25.0	1750000	2019
201904	MIX	24.0	25300000	2019
201904	デュエル・マスターズ!!	51.0	2950000	2019
201904	ジモトがジャパン	50.0	75300	2019
201904	キャロル&チューズデイ	24.0	76600	2019
201904	Bラッパーズ ストリート	50.0	231000	2019
201907	Dr.STONE	24.0	7430000	2019
201907	炎炎ノ消防隊	24.0	5050000	2019
201907	あんさんぶるスターズ!	24.0	6370000	2019
201907	ヴィンランド・サガ	24.0	635000	2019
201910	あひるの空	50.0	561000	2019
201910	ゾイドワイルド ZERO	50.0	235000	2019
201910	アイカツオンパレード!	25.0	5900000	2019
201910	耐え子の日常（第1期）	26.0	2600000	2019
201910	ファンタシースターオンライン2 エピソード・オラクル	25.0	72400	2019
201910	七つの大罪 神々の逆鱗	24.0	67900	2019
201910	歌舞伎町シャーロック	24.0	249000	2019
201910	僕のヒーローアカデミア（第4期）	25.0	36900000	2019
201910	ちはやふる3	24.0	1740000	2019
201911	ポケットモンスター（2019年）	147.0	32200000	2019
201912	妖怪学園Y 〜Nとの遭遇〜	63.0	79500	2019
202001	りばあす	49.0	5650000	2020
202001	プランダラ	24.0	184000	2020
202001	とある科学の超電磁砲T	25.0	1370000	2020
202001	ケンガンアシュラ	24.0	908000	2020
202002	ヒーリングっど♥プリキュア	45.0	108000	2020
202004	メジャーセカンド（第2期）	25.0	1190000	2020
202004	遊☆戯☆王SEVENS	92.0	150000	2020
202004	デジモンアドベンチャー:	67.0	2020000	2020
202004	デュエル・マスターズ キング	47.0	1080000	2020
202004	ミュークルドリーミー	48.0	756000	2020
202004	ガル学。～聖ガールズスクエア学院～	50.0	90300	2020
202004	キングダム（第3シリーズ）	26.0	24000000	2020
202004	ぽっこりーず	50.0	158000	2020
202004	シャドウバース	48.0	2070000	2020
202004	フルーツバスケット（第2作 2nd season）	25.0	1750000	2020
202004	無限の住人 -IMMORTAL-	24.0	334000	2020
202007	おばけずかん	39.0	613000	2020
202007	耐え子の日常（第2期）	132.0	2600000	2020
202007	炎炎ノ消防隊 弐ノ章	24.0	5050000	2020
202009	ふしぎ駄菓子屋 銭天堂		475000	2020
202010	ひぐらしのなく頃に 業	24.0	1030000	2020
202010	犬と猫どっちも飼ってると毎日たのしい	24.0	74500	2020
202010	呪術廻戦（第1期）	24.0	39600000	2020
202010	ドラゴンクエスト ダイの大冒険（第2作）	100.0	1250000	2020
202010	半妖の夜叉姫	24.0	727000	2020
202010	おそ松さん（第3期）	25.0	8460000	2020
202101	蜘蛛ですが、なにか?	24.0	20800000	2021
202101	バック・アロウ	24.0	2050000	2021
202101	アイカツプラネット!（実写&アニメ）	25.0	712000	2021
202101	七つの大罪 憤怒の審判	24.0	98000	2021
202102	舞妓さんちのまかないさん（NHKワールド JAPAN版）	36.0	149000	2021
202102	トロピカル〜ジュ!プリキュア	46.0	334000	2021
202103	僕のヒーローアカデミア（第5期）	25.0	36900000	2021
202104	SHAMAN KING	52.0	5930000	2021
202104	デュエル・マスターズ キング!	43.0	1080000	2021
202104	新幹線変形ロボ シンカリオンZ	41.0	342000	2021
202104	妖怪ウォッチ♪	98.0	2120000	2021
202104	SDガンダムワールド ヒーローズ	24.0	268000	2021
202104	EDENS ZERO（第1期）	25.0	1060000	2021
202104	東京リベンジャーズ	24.0	11700000	2021
202107	SCARLET NEXUS	26.0	534000	2021
202107	白い砂のアクアトープ	24.0	239000	2021
202110	半妖の夜叉姫 弐の章	24.0	727000	2021
202110	舞妓さんちのまかないさん（Eテレ版）	36.0	149000	2021
202110	デジモンゴーストゲーム	68.0	2540000	2021
202110	ワッチャプリマジ!	51.0	486000	2021
202110	チキップダンサーズ（第1期）	26.0	329000	2021
202110	プラチナエンド	24.0	1520000	2021
202110	ルパン三世 PART6	25.0	6070000	2021
202201	CUE!	24.0	946000	2022
202201	ニンジャラ		204000	2022
202202	デリシャスパーティ♡プリキュア	45.0	240000	2022
202204	シャドウバースF	50.0	1950000	2022
202204	ラブオールプレー	24.0	321000	2022
202204	キャップ革命 ボトルマンDX	51.0	47400	2022
202204	遊☆戯☆王ゴーラッシュ!!	151.0	176000	2022
202204	ちいかわ		17500000	2022
202204	100秒でわかる名作劇場		89100	2022
202204	アオアシ	24.0	983000	2022
202204	キングダム（第4シリーズ）	26.0	24100000	2022
202204	サマータイムレンダ	25.0	1360000	2022
202204	カッコウの許嫁（Season1）	24.0	1400000	2022
202207	うたわれるもの 二人の白皇	28.0	564000	2022
202207	惑星のさみだれ	24.0	1360000	2022
202209	デュエル・マスターズ WIN	29.0	201000	2022
202210	僕のヒーローアカデミア（第6期）	25.0	36800000	2022
202210	ぷにるんず	25.0	999000	2022
202210	まめきちまめこニートの日常	87.0	263000	2022
202210	ブルーロック	24.0	46600000	2022
202210	弱虫ペダル LIMIT BREAK	25.0	172000	2022
202210	永久少年 Eternal Boys	24.0	47400	2022
202210	クールドジ男子	24.0	366000	2022
202212	僕とロボコ	28.0	839000	2022
202301	ヴィンランド・サガ SEASON2	24.0	634000	2023
202301	BASTARD!! -暗黒の破壊神-	24.0	17900000	2023
202302	ひろがるスカイ!プリキュア	50.0	1190000	2023
202304	MIX MEISEI STORY 2ND SEASON〜二度目の夏、空の向こうへ〜	24.0	229000	2023
202304	EDENS ZERO（第2期）	25.0	1060000	2023
202304	TIGER & BUNNY 2	25.0	15700000	2023
202304	逃走中 グレートミッション	97.0	67700	2023
202304	ぼさにまる	96.0	34200000	2023
202304	青のオーケストラ（第1期）	24.0	7440000	2023
202304	ポケットモンスター（2023）		32000000	2023
202304	贄姫と獣の王	24.0	416000	2023
202307	るろうに剣心 -明治剣客浪漫譚-（第2作 序幕東京）	24.0	9510000	2023
202307	シャドウバースF セブンシャドウズ編	25.0	185000	2023
202307	ダークギャザリング	25.0	988000	2023
202307	Helck	24.0	747000	2023
202309	チキップダンサーズ（第3期）	26.0	329000	2023
202309	葬送のフリーレン（第1期）	28.0	12300000	2023
202310	キャプテン翼シーズン2 ジュニアユース編	39.0	2210000	2023
202310	シャングリラ・フロンティア（1st season）	25.0	2150000	2023
202310	範馬刃牙（第2期）	27.0	1230000	2023
202310	ラグナクリムゾン	24.0	713000	2023
202310	BEYBLADE X		1610000	2023
202310	アンデッドアンラック	24.0	2270000	2023
202310	七つの大罪 黙示録の四騎士（第1期）	24.0	1010000	2023
202310	薬屋のひとりごと（第1期）	24.0	13300000	2023
202401	ダンジョン飯	24.0	5460000	2024
202401	月が導く異世界道中（第二幕）	25.0	987000	2024
202402	わんだふるぷりきゅあ!	50.0	1680000	2024
202404	狼と香辛料 MERCHANT MEETS THE WISE WOLF（第1期）	25.0	180000	2024
202404	ちびゴジラの逆襲（第2期）	52.0	370000	2024
202404	転生したらスライムだった件（第3期）	26.0	8380000	2024
202404	ザ・ファブル	25.0	1210000	2024
202404	シンカリオン チェンジ ザ ワールド	39.0	166000	2024
202404	ひみつのアイプリ		1510000	2024
202404	夜桜さんちの大作戦（第1期）	27.0	1530000	2024
202407	多数欠	24.0	895000	2024
202407	2.5次元の誘惑（第1期）	24.0	2120000	2024
202407	FAIRY TAIL 100年クエスト	25.0	731000	2024
202407	JOCHUM	26.0	261000	2024
202410	アオのハコ	25.0	3180000	2024
202410	トリリオンゲーム	26.0	1030000	2024
202410	チ。-地球の運動について-	25.0	1580000	2024
202410	ぷにるんず ぷに2	25.0	1010000	2024
202410	ねこに転生したおじさん	48.0	969000	2024
202410	ぽちゃーズ		901000	2024
202410	殿と犬	24.0	1370000	2024
202410	シャングリラ・フロンティア（2nd season）	25.0	2150000	2024
202411	お買いものパンダ！		879000	2024
202501	ニートくノ一となぜか同棲はじめました	24.0	788000	2025
202501	薬屋のひとりごと（第2期）	24.0	12200000	2025
202501	Aランクパーティを離脱した俺は、元教え子たちと迷宮深部を目指す。（第1期）	24.0	569000	2025
202501	魔神創造伝ワタル	24.0	396000	2025
202502	キミとアイドルプリキュア♪		6960000	2025
202503	鬼人幻燈抄	24.0	625000	2025
202504	あらいぐま カルカル団	24.0	246000	2025
202504	ンめねこ		2760000	2025
202504	アン・シャーリー	24.0	755000	2025
202504	えぶりでいホスト	24.0	1440000	2025
202504	真・侍伝 YAIBA	24.0	1310000	2025
202504	最強王図鑑 〜The Ultimate Tournament〜		45600	2025
202504	TO BE HERO X	24.0	29300000	2025
202504	プリンセッション・オーケストラ		1160000	2025
202504	Summer Pockets	26.0	1850000	2025
202504	全力ウサギ（シーズン2）		860000	2025
202507	ぷにるんず ぷに3		1010000	2025
202507	渡くんの××が崩壊寸前		1050000	2025
202507	ガチアクタ		2610000	2025
202507	桃源暗鬼		7380000	2025
202507	ふたりソロキャンプ		973000	2025
202507	闇芝居（第15期）		2490000	2025
202509	永久のユウグレ		1000000	2025
202510	無職の英雄 〜別にスキルなんか要らなかったんだが〜		867000	2025
202510	シルバニアファミリー フレアのワンダーデイズ		103000	2025
202510	太陽よりも眩しい星		1500000	2025
202510	Let's Play クエストだらけのマイライフ		431000	2025
202510	私を喰べたい、ひとでなし		1430000	2025
202510	悪食令嬢と狂血公爵		1250000	2025
202510	しゃばけ		552000	2025
202510	信じていた仲間達にダンジョン奥地で殺されかけたがギフト『無限ガチャ』でレベル9999の仲間達を手に入れて元パーティーメンバーと世界に復讐&『ざまぁ!』します!		1560000	2025
202510	野原ひろし 昼メシの流儀		2560000	2025
202510	百姓貴族 3rd Season		804000	2025
202510	ポーション、わが身を助ける		795000	2025
202510	顔に出ない柏田さんと顔に出る太田君		1280000	2025
202510	ガングリオン		345000	2025
202510	科学×冒険サバイバル!（第2シリーズ）		1300000	2025
202510	結婚指輪物語II		2660000	2025
202510	SANDA		1220000	2025
202510	SPY×FAMILY（Season 3）		14900000	2025
202510	味方が弱すぎて補助魔法に徹していた宮廷魔法師、追放されて最強を目指す		1130000	2025
202510	野生のラスボスが現れた!		2280000	2025
202510	不滅のあなたへ（Season3）		2530000	2025
202510	アルマちゃんは家族になりたい		732000	2025
202510	機械じかけのマリー		1160000	2025
202510	キングダム（第6シリーズ）		24100000	2025
202510	SI-VIS: The Sound of Heroes		404000	2025
202510	父は英雄、母は精霊、娘の私は転生者。		1190000	2025
202510	DIGIMON BEATBREAK		643000	2025
202510	東島丹三郎は仮面ライダーになりたい		3310000	2025
202510	友達の妹が俺にだけウザい		1900000	2025
202510	笑顔のたえない職場です。		4600000	2025
202510	ギルティホール		1070000	2025
202510	さわらないで小手指くん		1440000	2025
202510	デブとラブと過ちと!		699000	2025
202510	嘆きの亡霊は引退したい（第2クール）		3260000	2025
202510	暗殺者である俺のステータスが勇者よりも明らかに強いのだが		3730000	2025
202510	3年Z組銀八先生		2330000	2025
202510	素材採取家の異世界旅行記		1360000	2025
202510	千歳くんはラムネ瓶のなか（第1クール）		1460000	2025
202510	陛下わたしを忘れてください		607000	2025
202510	とんでもスキルで異世界放浪メシ2		2530000	2025
202510	忍者と極道		1360000	2025
202510	ワンパンマン（第3期）		9070000	2025
202510	異世界かるてっと3		2520000	2025
202510	ちゃんと吸えない吸血鬼ちゃん		850000	2025
202510	キミと越えて恋になる		1260000	2025
202510	モンスターストライク デッドバースリローデッド		683000	2025
202512	青のミブロ 芹沢暗殺編		52900	2025
